0 0 0
-0.435250468621 -0.053146710645 -0.898739370848 3.236143118044
0.064143871824 0.993888712950 -0.089837575531 0.137369535741
0.898021488202 -0.096750469856 -0.429181492273 0.553267974844
0.000000000000 0.000000000000 0.000000000000 1.000000000000
1 1 0
-0.434945205835 -0.054581045797 -0.898801189007 3.279200036269
0.061896372321 0.993988027704 -0.090314117798 0.132624963063
0.898327060159 -0.094914225593 -0.428951958575 0.471324762817
0.000000000000 0.000000000000 0.000000000000 1.000000000000
2 2 0
-0.434827043250 -0.055943875076 -0.898774568677 3.319448620791
0.059875146521 0.994063665518 -0.090842697706 0.115485123858
0.898521234745 -0.093315120633 -0.428896116762 0.377308107812
0.000000000000 0.000000000000 0.000000000000 1.000000000000
3 3 0
-0.425513499209 -0.059670882663 -0.902982639785 3.365064670087
0.058626360671 0.993909916066 -0.093306101515 0.102036460914
0.903051057153 -0.092641591672 -0.419423799595 0.303289294588
0.000000000000 0.000000000000 0.000000000000 1.000000000000
4 4 0
-0.317870146620 -0.060252972089 -0.946217812791 3.382558649260
0.067636518674 0.993995161736 -0.086016973834 0.091588831368
0.945718706186 -0.091341106849 -0.311886086528 0.193036788161
0.000000000000 0.000000000000 0.000000000000 1.000000000000
5 5 0
-0.164652005468 -0.052206297819 -0.984969146503 3.393813129113
0.077189271674 0.994853786321 -0.065633529402 0.080783492522
0.983326768391 -0.086835743282 -0.159774904960 0.064828378127
0.000000000000 0.000000000000 0.000000000000 1.000000000000
6 6 0
-0.149693154054 -0.049314503401 -0.987501918673 3.380235228296
0.074903166074 0.995319685428 -0.061059311430 0.074025496526
0.985891208674 -0.083107181125 -0.145298730566 -0.050895187737
0.000000000000 0.000000000000 0.000000000000 1.000000000000
7 7 0
-0.142506092145 -0.048263660918 -0.988616524612 3.359172000011
0.073067550831 0.995572248369 -0.059135702358 0.073246060956
0.987093281669 -0.080662986014 -0.138348603066 -0.140593164862
0.000000000000 0.000000000000 0.000000000000 1.000000000000
8 8 0
-0.082549772355 -0.045732099795 -0.995537096312 3.416103502413
0.076437943517 0.995713351900 -0.052078418178 0.081670276916
0.993651234526 -0.080395869902 -0.078700242869 -0.160385313464
0.000000000000 0.000000000000 0.000000000000 1.000000000000
9 9 0
-0.049005449162 -0.031564747665 -0.998299620684 3.538111153267
0.079389398169 0.996215061264 -0.035395976732 0.085842445582
0.995638382853 -0.080989001817 -0.046314060218 -0.108962742690
0.000000000000 0.000000000000 0.000000000000 1.000000000000
10 10 0
-0.037167586334 -0.028638257704 -0.998898603824 3.620839169544
0.079232935584 0.996357886237 -0.031513559800 0.084952782077
0.996162994918 -0.080316951687 -0.034763124529 -0.065136885374
0.000000000000 0.000000000000 0.000000000000 1.000000000000
11 11 0
0.018235605112 -0.019700177984 -0.999639617909 3.623652209373
0.082545958061 0.996422316720 -0.018130955563 0.093496462468
0.996420407014 -0.082185581030 0.019796533958 0.075832735254
0.000000000000 0.000000000000 0.000000000000 1.000000000000
12 12 0
0.072589673836 -0.012563504831 -0.997282757095 3.557753200477
0.083955436575 0.996448686127 -0.006442094861 0.088273411922
0.993822028294 -0.083259679696 0.073386659653 0.207457349358
0.000000000000 0.000000000000 0.000000000000 1.000000000000
13 13 0
0.082299753255 -0.009915999267 -0.996558289099 3.511167205819
0.083131581317 0.996533910677 -0.003050419560 0.101487913501
0.993134377011 -0.082594417670 0.082838827658 0.351974981958
0.000000000000 0.000000000000 0.000000000000 1.000000000000
14 14 0
0.084297401344 -0.006250773232 -0.996421033480 3.439537332765
0.079975233425 0.996796719038 0.000512789357 0.116704140902
0.993226011623 -0.079732231553 0.084527280131 0.475166628659
0.000000000000 0.000000000000 0.000000000000 1.000000000000
15 15 0
0.084358913535 -0.004392996077 -0.996425750015 3.364022129719
0.077857271679 0.996962096649 0.002196153873 0.138677774309
0.993389057195 -0.077764255482 0.084444665998 0.623478503297
0.000000000000 0.000000000000 0.000000000000 1.000000000000
16 16 0
0.080574517025 -0.000356483748 -0.996748524015 3.260058804403
0.074679562835 0.997191404687 0.005680256395 0.150628402084
0.993947035863 -0.074894427945 0.080374837864 0.749862356275
0.000000000000 0.000000000000 0.000000000000 1.000000000000
17 17 0
0.071560752918 0.002802871304 -0.997432304748 3.192447720955
0.072257547925 0.997354028577 0.007986767105 0.172463768499
0.994815513253 -0.072643551630 0.071168876603 0.912196956256
0.000000000000 0.000000000000 0.000000000000 1.000000000000
18 18 0
0.065075994256 0.006880590690 -0.997856589117 3.108297020360
0.069797239964 0.997495714661 0.011429983666 0.192436791399
0.995436316529 -0.070391453352 0.064432779159 1.081696057222
0.000000000000 0.000000000000 0.000000000000 1.000000000000
19 19 0
0.062229535958 0.012665376463 -0.997981499374 2.996548375863
0.066041737876 0.997675766659 0.016779555418 0.217333594780
0.995874476886 -0.066952616534 0.061248456523 1.205327331022
0.000000000000 0.000000000000 0.000000000000 1.000000000000
20 20 0
0.012226379091 0.015586865325 -0.999803763387 2.871809519957
0.062477333161 0.997912919277 0.016321408697 0.237640069913
0.997971491825 -0.062664624550 0.011227035873 1.345316485175
0.000000000000 0.000000000000 0.000000000000 1.000000000000
21 21 0
-0.012556751643 0.015065087900 -0.999807667061 2.726282979827
0.057630561489 0.998235305229 0.014317603717 0.242131814490
0.998259007658 -0.057439694640 -0.013402802284 1.446204311622
0.000000000000 0.000000000000 0.000000000000 1.000000000000
22 22 0
-0.021965666338 0.011321219144 -0.999694623122 2.617275376504
0.055783793560 0.998391980417 0.010080764637 0.249151823000
0.998201221137 -0.055545327766 -0.022561885668 1.581339260196
0.000000000000 0.000000000000 0.000000000000 1.000000000000
23 23 0
-0.029261612752 0.008286578490 -0.999537438336 2.502994434757
0.054930157166 0.998467923352 0.006669622941 0.251195326365
0.998061338723 -0.054709584657 -0.029671964777 1.727104866991
0.000000000000 0.000000000000 0.000000000000 1.000000000000
24 24 0
-0.116531309651 0.003042472856 -0.993182358497 2.412188438180
0.051927143905 0.998646268614 -0.003033464997 0.251267995134
0.991828627131 -0.051926616902 -0.116531544485 1.853367254229
0.000000000000 0.000000000000 0.000000000000 1.000000000000
25 25 0
-0.239927648325 -0.003799363751 -0.970783337519 2.320284960048
0.040544688654 0.999080609686 -0.013930670141 0.244850553797
0.969943736405 -0.042702461096 -0.239553017149 1.955610213454
0.000000000000 0.000000000000 0.000000000000 1.000000000000
26 26 0
-0.365779546567 -0.011165096464 -0.930634549076 2.232549851988
0.027730190091 0.999353362963 -0.022888697908 0.241723893881
0.930288320829 -0.034178890493 -0.365233409717 1.986237635901
0.000000000000 0.000000000000 0.000000000000 1.000000000000
27 27 0
-0.592556984450 -0.034510772891 -0.804788933034 2.172397361521
0.002454319183 0.998999856775 -0.044645968246 0.236072695510
0.805524795706 -0.028430489228 -0.591879642145 2.007570099445
0.000000000000 0.000000000000 0.000000000000 1.000000000000
28 28 0
-0.829383293484 -0.063061121605 -0.555109581463 2.149266718801
-0.035280868863 0.997537889182 -0.060608744730 0.240517020377
0.557564895579 -0.030683131970 -0.829566111067 2.058843697084
0.000000000000 0.000000000000 0.000000000000 1.000000000000
29 29 0
-0.931309045076 -0.078712902605 -0.355623032892 2.081753732951
-0.059611459538 0.996143831503 -0.064373448327 0.237683049716
0.359318711525 -0.038752366654 -0.932409951484 2.137988335548
0.000000000000 0.000000000000 0.000000000000 1.000000000000
30 30 0
-0.972445764244 -0.086052833086 -0.216665976842 2.039343503766
-0.073177984596 0.995080929592 -0.066775190993 0.244761346035
0.221346376012 -0.049080072122 -0.973959407956 2.212893560732
0.000000000000 0.000000000000 0.000000000000 1.000000000000
31 31 0
-0.978781129875 -0.083334400604 -0.187197429140 1.993768091600
-0.070968955687 0.994889240490 -0.071824831954 0.250287002366
0.192226187418 -0.057015584119 -0.979692970291 2.278961494817
0.000000000000 0.000000000000 0.000000000000 1.000000000000
32 32 0
-0.980449951516 -0.077041165726 -0.181059524345 1.983018600215
-0.064977582510 0.995311201099 -0.071648633885 0.256916462973
0.185730466923 -0.058483089437 -0.980858767564 2.321724265104
0.000000000000 0.000000000000 0.000000000000 1.000000000000
33 33 0
-0.981337926639 -0.067714937767 -0.179973778486 1.915891034876
-0.056120969358 0.996053811387 -0.068754938881 0.263709952170
0.183919304418 -0.057371526260 -0.981265610035 2.369754436425
0.000000000000 0.000000000000 0.000000000000 1.000000000000
34 34 0
-0.983253572813 -0.059153785923 -0.172375291620 1.881856228001
-0.048710095198 0.996747363064 -0.064202966066 0.270983645438
0.175612465890 -0.054731378905 -0.982936792468 2.469974098758
0.000000000000 0.000000000000 0.000000000000 1.000000000000
35 35 0
-0.985737756327 -0.052055455204 -0.160035325271 1.846040475336
-0.042922428427 0.997274665590 -0.060007553776 0.273971872458
0.162722896019 -0.052282606627 -0.985285637851 2.567769955590
0.000000000000 0.000000000000 0.000000000000 1.000000000000
36 36 0
-0.987552912411 -0.045951309558 -0.150425138649 1.827781987373
-0.037865559624 0.997702142313 -0.056183935595 0.279994217862
0.152661208505 -0.049788677171 -0.987023628412 2.661558827717
0.000000000000 0.000000000000 0.000000000000 1.000000000000
37 37 0
-0.986972373341 -0.039043386594 -0.156080582475 1.751998822154
-0.031788652467 0.998306951406 -0.048710495259 0.249951507400
0.157718153162 -0.043114321719 -0.986542517799 2.723176128515
0.000000000000 0.000000000000 0.000000000000 1.000000000000
38 38 0
-0.974512297583 -0.029813386698 -0.222344201260 1.621437491475
-0.018908643959 0.998518953203 -0.051013363715 0.240451267560
0.223535780232 -0.045508922943 -0.973632729980 2.711517326290
0.000000000000 0.000000000000 0.000000000000 1.000000000000
39 39 0
-0.971028573349 -0.027380470257 -0.237389594523 1.513848179486
-0.011495252387 0.997616083222 -0.068044174395 0.240441170530
0.238686758979 -0.063343984284 -0.969028467458 2.750430745266
0.000000000000 0.000000000000 0.000000000000 1.000000000000
40 40 0
-0.969492093909 -0.030436977796 -0.243225554229 1.455256708949
-0.008374643682 0.995794499231 -0.091231467407 0.226999061434
0.244979479122 -0.086411259016 -0.965669793006 2.851145343738
0.000000000000 0.000000000000 0.000000000000 1.000000000000
41 41 0
-0.967525016603 -0.026042326415 -0.251430188087 1.354602578784
-0.003930043196 0.996108256652 -0.088050529750 0.248851268918
0.252744726962 -0.084202958758 -0.963862005024 2.983086709054
0.000000000000 0.000000000000 0.000000000000 1.000000000000
42 42 0
-0.965598884993 -0.023363841131 -0.258984409238 1.245103904643
-0.001402613676 0.996408924510 -0.084659835999 0.250898246888
0.260032355633 -0.081384188170 -0.962164116947 3.130564460212
0.000000000000 0.000000000000 0.000000000000 1.000000000000
43 43 0
-0.964835303920 -0.021971662667 -0.261935263661 1.118991359471
0.000927831761 0.996209474521 -0.086981733733 0.220859312254
0.262853524682 -0.084166079359 -0.961157685111 3.223433796850
0.000000000000 0.000000000000 0.000000000000 1.000000000000
44 44 0
-0.964603424676 -0.023971888582 -0.262612988372 1.004731022132
0.001402456724 0.995379212085 -0.096011755869 0.203607765106
0.263701092563 -0.092981571872 -0.960112577291 3.326035111144
0.000000000000 0.000000000000 0.000000000000 1.000000000000
45 45 0
-0.974863582035 -0.025270709113 -0.221364829372 0.867105877258
-0.002420675698 0.994689582261 -0.102892056403 0.205471827380
0.222789444883 -0.099769866206 -0.969747821367 3.407962924751
0.000000000000 0.000000000000 0.000000000000 1.000000000000
46 46 0
-0.979278534957 -0.025549571959 -0.200899901309 0.723231025975
-0.004268149582 0.994393401274 -0.105657685011 0.213079351175
0.202473044805 -0.102610832155 -0.973897162565 3.497070598904
0.000000000000 0.000000000000 0.000000000000 1.000000000000
47 47 0
-0.979687588249 -0.025964971632 -0.198841770456 0.572640152950
-0.003782617670 0.993798188725 -0.111134386626 0.215293402891
0.200494192518 -0.108124836811 -0.973709966279 3.592088515066
0.000000000000 0.000000000000 0.000000000000 1.000000000000
48 48 0
-0.980145292209 -0.024600012449 -0.196748686268 0.421405282037
-0.003494859204 0.994263099343 -0.106904982313 0.226693279023
0.198249822496 -0.104094806171 -0.974608269618 3.639970059727
0.000000000000 0.000000000000 0.000000000000 1.000000000000
49 49 0
-0.989081946759 -0.023825380543 -0.145427830338 0.300359857015
-0.008942492362 0.994729171770 -0.102146496071 0.249384720420
0.147094984365 -0.099730767926 -0.984081723996 3.725000210337
0.000000000000 0.000000000000 0.000000000000 1.000000000000
50 50 0
-0.998529662188 -0.027090783550 -0.046953201992 0.205282442947
-0.022272090263 0.994710631335 -0.100273196338 0.249722496098
0.049421328655 -0.099080014913 -0.993851439059 3.882620899851
0.000000000000 0.000000000000 0.000000000000 1.000000000000
51 51 0
-0.999640438778 -0.026803598128 0.000748523800 0.111362813569
-0.026752235322 0.995052998274 -0.095675746823 0.267947270313
0.001819633417 -0.095661370220 -0.995412271967 4.023396883089
0.000000000000 0.000000000000 0.000000000000 1.000000000000
52 52 0
-0.997169358979 -0.028108883086 0.069736362144 0.009278188017
-0.034273948410 0.995455527340 -0.088845875248 0.266733448128
-0.066922088832 -0.090984524947 -0.993601152499 4.118588461199
0.000000000000 0.000000000000 0.000000000000 1.000000000000
53 53 0
-0.992699284513 -0.028178270255 0.117277941717 -0.129988562585
-0.037758850419 0.996056256013 -0.080288256136 0.277049903365
-0.114553043360 -0.084130374679 -0.989848311770 4.214950583298
0.000000000000 0.000000000000 0.000000000000 1.000000000000
54 54 0
-0.986452025254 -0.029109166553 0.161446766130 -0.275209813153
-0.041244037244 0.996527744093 -0.072328311499 0.282551390768
-0.158780764777 -0.078007125797 -0.984227390932 4.293929137786
0.000000000000 0.000000000000 0.000000000000 1.000000000000
55 55 0
-0.974963159492 -0.032946702756 0.219912147027 -0.421441176058
-0.045338212480 0.997641297057 -0.051539197663 0.285423069800
-0.217695392973 -0.060219242640 -0.974157255629 4.318908707116
0.000000000000 0.000000000000 0.000000000000 1.000000000000
56 56 0
-0.957704150411 -0.037513124883 0.285299011123 -0.607137056581
-0.049667892026 0.998135201431 -0.035485492341 0.271774774050
-0.283435814229 -0.048154803774 -0.957781422917 4.339790748505
0.000000000000 0.000000000000 0.000000000000 1.000000000000
57 57 0
-0.955055041181 -0.041502603332 0.293508777095 -0.760233172274
-0.049674914988 0.998556243249 -0.020440936622 0.246819184471
-0.292236669732 -0.034102243117 -0.955737812309 4.297476484011
0.000000000000 0.000000000000 0.000000000000 1.000000000000
58 58 0
-0.956169385084 -0.042205963430 0.289756386777 -0.938850505580
-0.048385343426 0.998727909431 -0.014192303040 0.212709307218
-0.288788790587 -0.027590207955 -0.956995201062 4.265182631031
0.000000000000 0.000000000000 0.000000000000 1.000000000000
59 59 0
-0.961078881053 -0.039335373433 0.273459526786 -1.099421722386
-0.044993281626 0.998882820661 -0.014446978828 0.181610723976
-0.272585746145 -0.026188527749 -0.961775011119 4.241853811583
0.000000000000 0.000000000000 0.000000000000 1.000000000000
60 60 0
-0.964143086058 -0.039381971733 0.262444603506 -1.259963137426
-0.043542013837 0.999001025872 -0.010052031540 0.163356444229
-0.261786559315 -0.021118963267 -0.964894702417 4.220442873576
0.000000000000 0.000000000000 0.000000000000 1.000000000000
61 61 0
-0.963731487993 -0.040139340053 0.263837928341 -1.437725186469
-0.042325687777 0.999100469828 -0.002605253008 0.145199498065
-0.263496025027 -0.013677886137 -0.964563507617 4.179285697666
0.000000000000 0.000000000000 0.000000000000 1.000000000000
62 62 0
-0.942260189635 -0.047415720466 0.331507895053 -1.572303374369
-0.046217190803 0.998865183684 0.011502873442 0.140261808966
-0.331677111516 -0.004482663927 -0.943382318798 4.166934354263
0.000000000000 0.000000000000 0.000000000000 1.000000000000
63 63 0
-0.913135090194 -0.064951099740 0.402449576592 -1.715364723526
-0.053964596857 0.997796841619 0.038591257303 0.124539158197
-0.404069461037 0.013521002062 -0.914628368880 4.159532809565
0.000000000000 0.000000000000 0.000000000000 1.000000000000
64 64 0
-0.851711028237 -0.086188224025 0.516875143936 -1.865168604331
-0.064152256667 0.996111231959 0.060389581295 0.120082584667
-0.520070007156 0.018275765481 -0.853928090680 4.116651781795
0.000000000000 0.000000000000 0.000000000000 1.000000000000
65 65 0
-0.793583568166 -0.103559004627 0.599583733016 -2.012706521516
-0.075464665647 0.994553220880 0.071895584544 0.113887591295
-0.603763368030 0.011807768578 -0.797076139416 4.098072739660
0.000000000000 0.000000000000 0.000000000000 1.000000000000
66 66 0
-0.690492098832 -0.120152802182 0.713290940345 -2.133507205770
-0.085461275437 0.992751969607 0.084497912654 0.101840432770
-0.718273646914 -0.002613612465 -0.695755802835 4.035688409631
0.000000000000 0.000000000000 0.000000000000 1.000000000000
67 67 0
-0.657488481840 -0.132095765060 0.741794853784 -2.289036769530
-0.094320810514 0.991197171131 0.092907226013 0.094936222857
-0.747537611731 -0.008881260861 -0.664160102877 3.965162831542
0.000000000000 0.000000000000 0.000000000000 1.000000000000
68 68 0
-0.679567767330 -0.139327533332 0.720260708398 -2.405919115791
-0.097490769300 0.990243058720 0.099570249363 0.090562386968
-0.727106044197 -0.002554038506 -0.686520412937 3.908343694142
0.000000000000 0.000000000000 0.000000000000 1.000000000000
69 69 0
-0.773840744242 -0.139354885795 0.617859788589 -2.461473842468
-0.095617269227 0.990018888786 0.103537131857 0.074700597434
-0.626121266510 0.021043185423 -0.779441687345 3.883825965554
0.000000000000 0.000000000000 0.000000000000 1.000000000000
70 70 0
-0.901214787187 -0.115469584449 0.417706454849 -2.490014531639
-0.081296272834 0.991784272155 0.098766763284 0.061984021182
-0.425679249410 0.055052089636 -0.903197898607 3.862239875316
0.000000000000 0.000000000000 0.000000000000 1.000000000000
71 71 0
-0.947930912778 -0.081790403153 0.307794273097 -2.533773245273
-0.055336695224 0.994058757906 0.093728522830 0.062111191486
-0.313631686475 0.071815846318 -0.946825036349 3.852602374811
0.000000000000 0.000000000000 0.000000000000 1.000000000000
72 72 0
-0.949329479146 -0.062304048948 0.308045038117 -2.658710161873
-0.038447117194 0.995813971072 0.082923785471 0.055033102376
-0.311922040265 0.066878550388 -0.947750969556 3.768268525412
0.000000000000 0.000000000000 0.000000000000 1.000000000000
73 73 0
-0.939592415077 -0.052152088760 0.338299058774 -2.800080783173
-0.030575585577 0.997161716599 0.068801486299 0.052761127847
-0.340927011391 0.054301662850 -0.938520166174 3.660194546422
0.000000000000 0.000000000000 0.000000000000 1.000000000000
74 74 0
-0.904030030728 -0.050774026176 0.424442813353 -2.939594832858
-0.033799920710 0.998302497996 0.047430874486 0.032018802171
-0.426130577290 0.028532801482 -0.904211595999 3.538566084573
0.000000000000 0.000000000000 0.000000000000 1.000000000000
75 75 0
-0.849961703823 -0.060129867358 0.523401854300 -3.032909357942
-0.045134276703 0.998123830556 0.041372888983 0.012197485122
-0.524907610061 0.011542007093 -0.851080949718 3.391674963026
0.000000000000 0.000000000000 0.000000000000 1.000000000000
76 76 0
-0.773685640590 -0.070982387027 0.629580836967 -3.148555571867
-0.059122103472 0.997456868434 0.039804176857 0.007199524295
-0.630805125554 -0.006426223317 -0.775914684246 3.279080900421
0.000000000000 0.000000000000 0.000000000000 1.000000000000
77 77 0
-0.661282913785 -0.085433714222 0.745255653055 -3.221937230747
-0.075142289849 0.996040504783 0.047507358466 -0.001534510063
-0.746363546948 -0.024584411861 -0.665084252167 3.173527194566
0.000000000000 0.000000000000 0.000000000000 1.000000000000
78 78 0
-0.538946913678 -0.093477650360 0.837136878366 -3.305816124126
-0.087666370864 0.994650953580 0.054626806249 -0.012925488236
-0.837765379839 -0.043947803411 -0.544258907983 3.050802339784
0.000000000000 0.000000000000 0.000000000000 1.000000000000
79 79 0
-0.412023456704 -0.099877794976 0.905682669149 -3.368775493056
-0.098219042321 0.993050916347 0.064829756042 0.004024965118
-0.905864057600 -0.062243904229 -0.418970172608 2.922010383952
0.000000000000 0.000000000000 0.000000000000 1.000000000000
80 80 0
-0.239816639524 -0.098198413320 0.965839039918 -3.471015936428
-0.106262444648 0.991548706160 0.074427522931 0.018967856446
-0.964985115048 -0.084783459081 -0.248224682096 2.813587774961
0.000000000000 0.000000000000 0.000000000000 1.000000000000
81 81 0
-0.079044838617 -0.092148426236 0.992602932209 -3.599003948680
-0.113504144615 0.990075021647 0.082874970078 0.041993658402
-0.990388167661 -0.106113708128 -0.088719548602 2.712720734289
0.000000000000 0.000000000000 0.000000000000 1.000000000000
82 82 0
-0.028383175491 -0.086472762630 0.995849816324 -3.711966038148
-0.117531297734 0.989629462252 0.082582815987 0.058596314771
-0.992663482456 -0.114699558702 -0.038252082708 2.604442991764
0.000000000000 0.000000000000 0.000000000000 1.000000000000
83 83 0
-0.026772290622 -0.082055738092 0.996268086562 -3.801069257438
-0.115209464854 0.990237510147 0.078463065876 0.057089068011
-0.992980374259 -0.112678877101 -0.035964524080 2.483598466338
0.000000000000 0.000000000000 0.000000000000 1.000000000000
84 84 0
-0.014734088147 -0.085519185393 0.996227572182 -3.871184492724
-0.110026670157 0.990423960697 0.083393704386 0.060733863641
-0.993819419462 -0.108382872294 -0.024002385144 2.338073345691
0.000000000000 0.000000000000 0.000000000000 1.000000000000
85 85 0
-0.012230479293 -0.120150510219 0.992680346471 -3.963593028088
-0.106059398203 0.987310298620 0.118193816637 0.072546412130
-0.994284576683 -0.103837513128 -0.024818368970 2.215681858457
0.000000000000 0.000000000000 0.000000000000 1.000000000000
86 86 0
-0.031310569563 -0.178970472052 0.983356099471 -4.027512478176
-0.104066224207 0.979075061166 0.174877801858 0.073315238506
-0.994077395987 -0.096858632743 -0.049280179081 2.095398063277
0.000000000000 0.000000000000 0.000000000000 1.000000000000
87 87 0
-0.047800776176 -0.226863061799 0.972752916720 -4.079259367278
-0.100505508439 0.970016062894 0.221285969961 0.081485497443
-0.993787567124 -0.087189385359 -0.069168508082 1.975352025279
0.000000000000 0.000000000000 0.000000000000 1.000000000000
88 88 0
-0.078774761323 -0.239877918199 0.967601736945 -4.098915278856
-0.099668974382 0.967649827732 0.231775551852 0.072540367753
-0.991897490935 -0.078181808954 -0.100134770308 1.864492394235
0.000000000000 0.000000000000 0.000000000000 1.000000000000
89 89 0
-0.142258172815 -0.250484252462 0.957611743629 -4.116948305682
-0.097930543530 0.966266216805 0.238199930533 0.065644941266
-0.984973208220 -0.059893551662 -0.161989325445 1.777673840270
0.000000000000 0.000000000000 0.000000000000 1.000000000000
90 90 0
-0.161420573865 -0.258215090560 0.952506359738 -4.108005812824
-0.092648098644 0.964866242753 0.245864725842 0.068391075643
-0.982527214967 -0.048560278038 -0.179672399789 1.679727268155
0.000000000000 0.000000000000 0.000000000000 1.000000000000
91 91 0
-0.170455703741 -0.266111546022 0.948751547106 -4.092503959548
-0.089020154170 0.963063949005 0.254132332218 0.072389409068
-0.981335959401 -0.041139703461 -0.187849034029 1.560562532493
0.000000000000 0.000000000000 0.000000000000 1.000000000000
92 92 0
-0.168758967533 -0.272454027338 0.947253510875 -4.064654832562
-0.087155026916 0.961397721511 0.260995061938 0.060371246637
-0.981796522789 -0.038512648053 -0.185990224957 1.449772776385
0.000000000000 0.000000000000 0.000000000000 1.000000000000
93 93 0
-0.164962483127 -0.282634091594 0.944936690699 -4.059936067656
-0.087033163839 0.958496298847 0.271495991663 0.050417853655
-0.982452343655 -0.037454176875 -0.182714468726 1.339763200286
0.000000000000 0.000000000000 0.000000000000 1.000000000000
94 94 0
-0.075186841203 -0.283965359688 0.955882112714 -4.076602979085
-0.078410090781 0.957310922148 0.278222313986 0.038850374018
-0.994081886252 -0.054032146294 -0.094242933917 1.259031449651
0.000000000000 0.000000000000 0.000000000000 1.000000000000
95 95 0
0.152142138526 -0.267519413715 0.951465255787 -4.079191926267
-0.090604250643 0.954843505387 0.282957152209 0.043191124551
-0.984196951555 -0.129256502762 0.121033536855 1.189242365139
0.000000000000 0.000000000000 0.000000000000 1.000000000000
96 96 0
0.251608608822 -0.228352042408 0.940504360806 -4.070823144605
-0.097080500418 0.960911117593 0.259278229949 0.044977886070
-0.962947809803 -0.156541268728 0.219604978951 1.104812538113
0.000000000000 0.000000000000 0.000000000000 1.000000000000
97 97 0
0.283729727073 -0.151167703757 0.946913811979 -4.062056265814
-0.106154291088 0.976474293073 0.187694489669 0.044919545733
-0.953010340164 -0.153773470759 0.261007684240 1.003531932651
0.000000000000 0.000000000000 0.000000000000 1.000000000000
98 98 0
0.291947734049 -0.096510115767 0.951552582960 -4.036126336785
-0.107042271640 0.985348421152 0.132779670941 0.051173160109
-0.950425416677 -0.140621074124 0.277339576776 0.911526937240
0.000000000000 0.000000000000 0.000000000000 1.000000000000
99 99 0
0.319331161853 -0.088819399879 0.943471633530 -4.001060700770
-0.100867174821 0.986756368825 0.127034175035 0.052287140827
-0.942259742382 -0.135731288907 0.306143095787 0.827972391365
0.000000000000 0.000000000000 0.000000000000 1.000000000000
100 100 0
0.343772423929 -0.076178567664 0.935957983231 -3.961224854447
-0.095053182639 0.988762004031 0.115388872321 0.064957147211
-0.934229850206 -0.128633297454 0.332668095510 0.747719229427
0.000000000000 0.000000000000 0.000000000000 1.000000000000
101 101 0
0.391479218939 -0.072166312673 0.917352737203 -3.934958647688
-0.088738236905 0.989312848409 0.115696211194 0.045182621667
-0.915898218390 -0.126696926912 0.380891509831 0.657036306703
0.000000000000 0.000000000000 0.000000000000 1.000000000000
102 102 0
0.400152318001 -0.068919188772 0.913853526457 -3.986929982893
-0.085216029873 0.990049911748 0.111979464633 0.009561431103
-0.912478137081 -0.122683811752 0.390297747474 0.529848207624
0.000000000000 0.000000000000 0.000000000000 1.000000000000
103 103 0
0.407516661502 -0.067380206630 0.910708558405 -4.066099544697
-0.083387399323 0.990362080282 0.110587031671 -0.026796435505
-0.909382599478 -0.121007676178 0.397970388438 0.437147661548
0.000000000000 0.000000000000 0.000000000000 1.000000000000
104 104 0
0.426382311319 -0.063601575091 0.902304252589 -4.186297716733
-0.081361829607 0.990784761366 0.108285776200 -0.048509097041
-0.900876449507 -0.119584264392 0.417278356056 0.364244173376
0.000000000000 0.000000000000 0.000000000000 1.000000000000
105 105 0
0.431254179804 -0.061750833219 0.900114807676 -4.296195377159
-0.079248331858 0.991206504786 0.105968706553 -0.063062607781
-0.898743308348 -0.117032044618 0.422568297714 0.272245196133
0.000000000000 0.000000000000 0.000000000000 1.000000000000
106 106 0
0.350482713149 -0.067631084828 0.934124137440 -4.399092854004
-0.081276883129 0.991430215058 0.102275104199 -0.075012752354
-0.933035870721 -0.111768354354 0.341982307894 0.241401942191
0.000000000000 0.000000000000 0.000000000000 1.000000000000
107 107 0
0.234838291369 -0.081596097361 0.968603661877 -4.519506171912
-0.081852628298 0.991271280582 0.103350837123 -0.077953460282
-0.968582017254 -0.103553489505 0.226109598787 0.211733287565
0.000000000000 0.000000000000 0.000000000000 1.000000000000
108 108 0
0.103153031715 -0.094503022793 0.990165961206 -4.624641933064
-0.079405435218 0.991516767900 0.102904207059 -0.089177122363
-0.991490912165 -0.089239440022 0.094773906951 0.179542147189
0.000000000000 0.000000000000 0.000000000000 1.000000000000
109 109 0
-0.031844514971 -0.105406309469 0.993919230516 -4.702892815581
-0.077475975678 0.991691830387 0.102687812018 -0.099316300677
-0.996485524260 -0.073734818562 -0.039746402008 0.178150667070
0.000000000000 0.000000000000 0.000000000000 1.000000000000
110 110 0
-0.047412375640 -0.098588594876 0.993998166797 -4.797218721245
-0.069725582084 0.993016558918 0.095165418712 -0.110379530143
-0.996438864075 -0.064795082190 -0.053955421273 0.089205285190
0.000000000000 0.000000000000 0.000000000000 1.000000000000
111 111 0
-0.032841079047 -0.054237599630 0.997987848780 -4.863203331000
-0.065270467780 0.996511304541 0.052009479509 -0.108746396172
-0.997327042430 -0.063431086301 -0.036266620023 -0.027251181983
0.000000000000 0.000000000000 0.000000000000 1.000000000000
112 112 0
0.045583445547 -0.036266682278 0.998301997017 -4.855505504118
-0.064609748984 0.997141377188 0.039174663182 -0.114811779938
-0.996868963219 -0.066285757563 0.043109958431 -0.159300811217
0.000000000000 0.000000000000 0.000000000000 1.000000000000
113 113 0
0.169498210139 0.023158243758 0.985258368402 -4.826353972938
-0.066334396800 0.997724811187 -0.012039474348 -0.133795322142
-0.983295532666 -0.063315850207 0.170648757838 -0.300350899049
0.000000000000 0.000000000000 0.000000000000 1.000000000000
114 114 0
0.284873264943 0.036510926424 0.957869602384 -4.786733612563
-0.068698762383 0.997482373390 -0.017589622600 -0.129184320139
-0.956100257801 -0.060793642989 0.286664315890 -0.440036549555
0.000000000000 0.000000000000 0.000000000000 1.000000000000
115 115 0
0.382872998407 0.044705213400 0.922718652129 -4.738121760094
-0.069349231776 0.997400907150 -0.019547748440 -0.123974444786
-0.921194306942 -0.056505524613 0.384978148140 -0.586967045052
0.000000000000 0.000000000000 0.000000000000 1.000000000000
116 116 0
0.438132371633 0.050345211171 0.897499517905 -4.661685008546
-0.068081557025 0.997421141386 -0.022714935818 -0.129526595092
-0.896328581782 -0.051151015907 0.440430070558 -0.736902182700
0.000000000000 0.000000000000 0.000000000000 1.000000000000
117 117 0
0.452737627669 0.038680386953 0.890804393881 -4.584640442098
-0.068070130861 0.997642396319 -0.008723895417 -0.121539175275
-0.889041673813 -0.056687535948 0.454303230773 -0.866894109964
0.000000000000 0.000000000000 0.000000000000 1.000000000000
118 118 0
0.461167117557 0.006005780968 0.887292973194 -4.499411523964
-0.066992692890 0.997358582969 0.028068417799 -0.122485693137
-0.884780689654 -0.072386376988 0.460351326318 -1.015410423282
0.000000000000 0.000000000000 0.000000000000 1.000000000000
119 119 0
0.588156546450 0.009036776834 0.808696614023 -4.380775225983
-0.064222356303 0.997301708560 0.035563900990 -0.147212288121
-0.806193131836 -0.072853543271 0.587149891777 -1.126984110217
0.000000000000 0.000000000000 0.000000000000 1.000000000000
120 120 0
0.715427252420 0.017927242604 0.698457200168 -4.261428891370
-0.061614509744 0.997394877402 0.037511474533 -0.163075009469
-0.695965156228 -0.069871829125 0.714668054982 -1.248373574405
0.000000000000 0.000000000000 0.000000000000 1.000000000000
121 121 0
0.737211725257 0.024932350866 0.675201636568 -4.150912302338
-0.059603799139 0.997822789696 0.028232383732 -0.199494430702
-0.673027680910 -0.061057827043 0.737092723126 -1.390159543298
0.000000000000 0.000000000000 0.000000000000 1.000000000000
122 122 0
0.736751724017 0.026442982004 0.675646109927 -4.033399274660
-0.057874310852 0.998034194574 0.024048089394 -0.226769514349
-0.673682017944 -0.056820024312 0.736833782841 -1.520591499896
0.000000000000 0.000000000000 0.000000000000 1.000000000000
123 123 0
0.753568619064 0.033728166728 0.656503425072 -3.906216078379
-0.055334311377 0.998393068898 0.012222682194 -0.227332682403
-0.655036220637 -0.045537794685 0.754224011093 -1.678149993721
0.000000000000 0.000000000000 0.000000000000 1.000000000000
124 124 0
0.761913563098 0.082660436454 0.642382265176 -3.766404333703
-0.052753278011 0.996447178779 -0.065651439919 -0.233636145227
-0.645526772510 0.016132952287 0.763567229407 -1.800639520896
0.000000000000 0.000000000000 0.000000000000 1.000000000000
125 125 0
0.777916284185 0.091951696671 0.621603684254 -3.607225849854
-0.050228190211 0.995169177428 -0.084353050950 -0.238617737264
-0.626357233300 0.034397583866 0.778776875951 -1.917961786880
0.000000000000 0.000000000000 0.000000000000 1.000000000000
126 126 0
0.793616499779 0.091266524624 0.601534099418 -3.496087515589
-0.047793905546 0.994981543653 -0.087906031554 -0.227476553367
-0.606538204792 0.041014013141 0.793995753675 -2.080134596955
0.000000000000 0.000000000000 0.000000000000 1.000000000000
127 127 0
0.739019939159 0.087030783013 0.668038301547 -3.400927171933
-0.041974335053 0.995642125300 -0.083276128180 -0.222274339290
-0.672374660976 0.033502255683 0.739452442109 -2.228079916442
0.000000000000 0.000000000000 0.000000000000 1.000000000000
128 128 0
0.686478116948 0.079786013147 0.722759978871 -3.275009285197
-0.044225748035 0.996703168732 -0.068021148554 -0.217316209736
-0.725804297426 0.014730429257 0.687743510541 -2.312279489785
0.000000000000 0.000000000000 0.000000000000 1.000000000000
129 129 0
0.640085698531 0.073728973237 0.764757698256 -3.144992268037
-0.046900535361 0.997278165096 -0.056891134676 -0.221732281609
-0.766870679006 0.000547656209 0.641801419252 -2.415868449144
0.000000000000 0.000000000000 0.000000000000 1.000000000000
130 130 0
0.634998293345 0.071843489368 0.769165574167 -3.017159454505
-0.050257163343 0.997398790111 -0.051670794634 -0.231065062393
-0.770877023254 -0.005845213490 0.636957179486 -2.542395658789
0.000000000000 0.000000000000 0.000000000000 1.000000000000
131 131 0
0.648455311974 0.070200487469 0.758008970878 -2.898388217033
-0.051670248485 0.997501418879 -0.048177845063 -0.226922464217
-0.759497132183 -0.007925332329 0.650462370405 -2.686770949554
0.000000000000 0.000000000000 0.000000000000 1.000000000000
132 132 0
0.714360645938 0.071105316599 0.696155802594 -2.761469765223
-0.053161816719 0.997463683624 -0.047328861107 -0.239180823227
-0.697755464885 -0.003199031393 0.716328889143 -2.796388915417
0.000000000000 0.000000000000 0.000000000000 1.000000000000
133 133 0
0.801319553209 0.067124325521 0.594458828321 -2.623227951862
-0.051525757462 0.997736635614 -0.043205350045 -0.242285016407
-0.596013481360 0.003991350385 0.802964506787 -2.896219934090
0.000000000000 0.000000000000 0.000000000000 1.000000000000
134 134 0
0.888520965229 0.060244533693 0.454863815344 -2.489521315715
-0.046924561717 0.998075893136 -0.040528965552 -0.246920824250
-0.456430257385 0.014666550416 0.889638304280 -3.017057327123
0.000000000000 0.000000000000 0.000000000000 1.000000000000
135 135 0
0.931407655554 0.050445236734 0.360465056927 -2.331506263305
-0.039454229099 0.998506529581 -0.037789868882 -0.261736008944
-0.361833031910 0.020975902241 0.932006903700 -3.121665807523
0.000000000000 0.000000000000 0.000000000000 1.000000000000
136 136 0
0.962082136060 0.040889749792 0.269677570140 -2.158541045204
-0.032291458494 0.998821079847 -0.036245167413 -0.252858942564
-0.270841697645 0.026162546024 0.962268307699 -3.210842688732
0.000000000000 0.000000000000 0.000000000000 1.000000000000
137 137 0
0.984765350035 0.031966145954 0.170925044634 -1.984669038242
-0.026383115585 0.999044718273 -0.034836505307 -0.252950301792
-0.171875351875 0.029796248133 0.984667988215 -3.299259947669
0.000000000000 0.000000000000 0.000000000000 1.000000000000
138 138 0
0.989829625108 0.024271614106 0.140172044315 -1.814448439515
-0.020589637264 0.999405360345 -0.027658498721 -0.248074819992
-0.140760008866 0.024491109873 0.989740776891 -3.374012677961
0.000000000000 0.000000000000 0.000000000000 1.000000000000
139 139 0
0.991792838219 0.018806099194 0.126464606471 -1.646027738369
-0.015949609159 0.999595135735 -0.023562142991 -0.244148507378
-0.126856517470 0.021351703625 0.991691246673 -3.468159652428
0.000000000000 0.000000000000 0.000000000000 1.000000000000
140 140 0
0.993082645506 0.015421008026 0.116400393928 -1.478393979299
-0.013354730777 0.999739470823 -0.018510581969 -0.247886732987
-0.116655520062 0.016828041788 0.993029861912 -3.552031042371
0.000000000000 0.000000000000 0.000000000000 1.000000000000
141 141 0
0.993740873225 0.012032000649 0.111059929056 -1.307422628197
-0.010705535252 0.999864157046 -0.012532316997 -0.241765499324
-0.111195631193 0.011264919651 0.993734689537 -3.647923763468
0.000000000000 0.000000000000 0.000000000000 1.000000000000
142 142 0
0.994086367600 0.010166786066 0.108115356049 -1.143931342740
-0.009565066959 0.999935753236 -0.006082671669 -0.251404830115
-0.108170251209 0.005012570365 0.994119746757 -3.746642572128
0.000000000000 0.000000000000 0.000000000000 1.000000000000
143 143 0
0.994331447772 0.008804617928 0.105959665318 -0.959929787401
-0.008911609809 0.999960146999 0.000536306384 -0.253096892375
-0.105950720534 -0.001477537496 0.994370283999 -3.835373412928
0.000000000000 0.000000000000 0.000000000000 1.000000000000
144 144 0
0.994797169662 0.007139907036 0.101624863883 -0.782679744134
-0.007505642010 0.999966657718 0.003216953423 -0.236499115731
-0.101598506729 -0.003962976008 0.994817590441 -3.919810264264
0.000000000000 0.000000000000 0.000000000000 1.000000000000
145 145 0
0.995550865708 0.005705435179 0.094052760714 -0.612377608492
-0.006486016757 0.999946998001 0.007995797384 -0.228098665025
-0.094002156226 -0.008570250790 0.995535105070 -3.977485439241
0.000000000000 0.000000000000 0.000000000000 1.000000000000
146 146 0
0.996418777820 0.004318293019 0.084445080099 -0.445333414541
-0.005657136100 0.999861969390 0.015621747000 -0.222023142353
-0.084365964812 -0.016043519365 0.996305670699 -4.052615972726
0.000000000000 0.000000000000 0.000000000000 1.000000000000
147 147 0
0.999435199224 0.002337371482 0.033523413404 -0.279361698133
-0.003260279327 0.999616430029 0.027502061644 -0.216595757050
-0.033446272295 -0.027595824150 0.999059466378 -4.131383609410
0.000000000000 0.000000000000 0.000000000000 1.000000000000
148 148 0
0.999999271625 0.001206450708 -0.000035007221 -0.094763017988
-0.001203991005 0.999153582152 0.041117753799 -0.210899113891
0.000084584134 -0.041117681702 0.999154306950 -4.177291995013
0.000000000000 0.000000000000 0.000000000000 1.000000000000
149 149 0
0.999999927337 0.000259329817 -0.000279415957 0.094267504300
-0.000243980107 0.998562413866 0.053600803052 -0.210973984056
0.000292914559 -0.053600730986 0.998562404579 -4.203183484071
0.000000000000 0.000000000000 0.000000000000 1.000000000000
150 150 0
0.999967505036 -0.000919443522 0.008008963454 0.271567230928
0.000427984130 0.998128462159 0.061150550759 -0.207380363059
-0.008050198853 -0.061145135964 0.998096421518 -4.183232379402
0.000000000000 0.000000000000 0.000000000000 1.000000000000
151 151 0
0.999855820542 -0.002634063153 0.016774976583 0.461202648678
0.001481564803 0.997660387360 0.068348785348 -0.207906768873
-0.016915764653 -0.068314077643 0.997520447761 -4.170593121309
0.000000000000 0.000000000000 0.000000000000 1.000000000000
152 152 0
0.999746863970 -0.003624604281 0.022205184662 0.664714987902
0.001984677035 0.997298036056 0.073434925863 -0.204148837533
-0.022411359600 -0.073372266718 0.997052777659 -4.162023199613
0.000000000000 0.000000000000 0.000000000000 1.000000000000
153 153 0
0.999751516703 -0.004068989609 0.021916846798 0.837822313417
0.002285638674 0.996728724169 0.080787537848 -0.194458786910
-0.022173874399 -0.080717369502 0.996490353970 -4.125181893453
0.000000000000 0.000000000000 0.000000000000 1.000000000000
154 154 0
0.999775273454 -0.002552981012 -0.021044830172 1.020286204634
0.004486998123 0.995714472362 0.092371837572 -0.187412188574
0.020718818423 -0.092445507281 0.995502164109 -4.108603146629
0.000000000000 0.000000000000 0.000000000000 1.000000000000
155 155 0
0.996975008488 0.000771697572 -0.077718961215 1.196720386870
0.006824465424 0.995219395634 0.097425772904 -0.196020069786
0.077422600842 -0.097661451131 0.992203598987 -4.076382706330
0.000000000000 0.000000000000 0.000000000000 1.000000000000
156 156 0
0.992921033058 0.004732760963 -0.118682025110 1.369573983322
0.007451240393 0.994755742462 0.102007312760 -0.190455151047
0.118542402232 -0.102169534664 0.987678634506 -4.028123341495
