0 0 0
0.999683352196 0.014884343837 -0.020289200350 0.568198072642
-0.017002697644 0.993941516700 -0.108587152339 0.664924744426
0.018550030057 0.108897739594 0.993879861299 -4.550718892491
0.000000000000 0.000000000000 0.000000000000 1.000000000000
1 1 0
0.832684134122 0.053946757140 -0.551114216997 2.815919462136
-0.090784134053 0.995076495009 -0.039761917527 0.574050727380
0.546255776890 0.083141544822 0.833481919263 -3.003727564472
0.000000000000 0.000000000000 0.000000000000 1.000000000000
2 2 0
-0.065422915812 0.217621150098 -0.973838219170 4.219448255639
-0.131943849205 0.965473210902 0.224615893665 0.055647165902
0.989095881471 0.143186989842 -0.034450300383 0.408831722164
0.000000000000 0.000000000000 0.000000000000 1.000000000000
3 3 0
-0.712411685495 0.136178418372 -0.688422129757 3.228617834816
-0.070901838248 0.962003981851 0.263668860951 -0.361316539434
0.698170838479 0.236651172134 -0.675687577972 3.875172415637
0.000000000000 0.000000000000 0.000000000000 1.000000000000
4 4 0
-0.999406344847 0.032867670268 -0.010328316906 -0.474838126487
0.028354419838 0.954975414256 0.295326912152 -0.469699504813
0.019569996286 0.294858736375 -0.955340431903 5.479648762244
0.000000000000 0.000000000000 0.000000000000 1.000000000000
5 5 0
-0.599808610935 -0.129382543081 0.789613695293 -3.959461894307
0.106049635789 0.965279388643 0.238724059553 -0.142148297256
-0.793084550976 0.226926991357 -0.565261917695 3.608702909299
0.000000000000 0.000000000000 0.000000000000 1.000000000000
6 6 0
0.187195032470 -0.244948244479 0.951293002889 -3.303190785819
0.099700505364 0.968148638927 0.229669375784 0.067728586302
-0.977250136377 0.051851426880 0.205654079662 0.873876399695
0.000000000000 0.000000000000 0.000000000000 1.000000000000
7 7 0
0.599310847762 -0.064822481586 0.797887557013 -2.204533948989
0.096418778446 0.995305080591 0.008438940235 0.243017007490
-0.794688572284 0.071873795158 0.602747236121 -2.112284647706
0.000000000000 0.000000000000 0.000000000000 1.000000000000
8 8 0
0.987961929260 0.039091522152 -0.149676582099 0.310910470438
-0.049052084565 0.996779234407 -0.063443288492 0.468100817377
0.146714414196 0.070021502059 0.986697456121 -3.469383164227
0.000000000000 0.000000000000 0.000000000000 1.000000000000
9 9 0
0.721120055791 0.016474902611 -0.692614209153 3.422700590435
-0.090185956313 0.993443013582 -0.070267147722 0.207649133869
0.686915102775 0.113135124294 0.717877486226 -1.769391823186
0.000000000000 0.000000000000 0.000000000000 1.000000000000
10 10 0
-0.229904625358 0.084480181770 -0.969539561919 3.490717637997
-0.101357436353 0.988729242367 0.110186911132 -0.332030898835
0.967920726782 0.123602524962 -0.218750731401 1.538987268402
0.000000000000 0.000000000000 0.000000000000 1.000000000000
11 11 0
-0.857672428456 -0.010248722749 -0.514094319312 1.535796094767
-0.030698755811 0.999038519127 0.031298940766 -0.397222758151
0.513279253291 0.042626294507 -0.857162415857 2.179695958835
0.000000000000 0.000000000000 0.000000000000 1.000000000000
12 12 0
-0.878986599701 -0.081515188838 0.469827448681 -0.816765382558
0.099146838610 0.932505180490 0.347280855725 -0.305217549367
-0.466425194366 0.351837124744 -0.811577584531 3.139939569247
0.000000000000 0.000000000000 0.000000000000 1.000000000000
13 13 0
-0.189866954375 -0.029812422200 0.981357100713 -3.487470495581
0.122558164743 0.991001112761 0.053817197643 -0.126806481736
-0.974130399839 0.130491432630 -0.184504607311 1.301690013270
0.000000000000 0.000000000000 0.000000000000 1.000000000000
14 14 0
0.517166333103 -0.137052623765 0.844840554320 -4.364049205655
0.100684362449 0.989984168351 0.098964668306 0.401183296522
-0.849942141009 0.033881037968 0.525785538222 -2.173225515334
0.000000000000 0.000000000000 0.000000000000 1.000000000000
15 15 0
0.870703645772 -0.066799373025 0.487250454082 -1.997459378792
0.061341248041 0.997746970358 0.027170469809 0.623783622722
-0.487967634714 0.006231123842 0.872839481559 -3.295779570680
0.000000000000 0.000000000000 0.000000000000 1.000000000000
16 16 0
0.933007806163 0.048391802753 -0.356587530719 2.045717046830
-0.042587900708 0.998801660148 0.024114609677 0.020355451529
0.357327167105 -0.007312804719 0.933950651017 -3.418337849329
0.000000000000 0.000000000000 0.000000000000 1.000000000000
17 17 0
0.070615471459 0.153457139245 -0.985628916786 4.068661154639
-0.115085794575 0.982750599152 0.144763668623 -0.216661000784
0.990842426967 0.103209332335 0.087058133689 -0.048643824259
0.000000000000 0.000000000000 0.000000000000 1.000000000000
18 18 0
-0.606709621299 0.192443678926 -0.771277424708 3.043846891288
-0.039192817742 0.961831901714 0.270819711031 -0.952702053505
0.793956773673 0.194537459855 -0.576010258808 3.419663807594
0.000000000000 0.000000000000 0.000000000000 1.000000000000
19 19 0
-0.999349127053 0.033335087940 -0.013787464224 0.293055768643
0.026234711941 0.933931691817 0.356487496146 -0.446726647864
0.024760091822 0.355893757927 -0.934198357375 3.931427442604
0.000000000000 0.000000000000 0.000000000000 1.000000000000
20 20 0
-0.904927971515 0.186740260897 -0.382404813424 0.880114135137
0.028437471161 0.923108030529 0.383487775824 0.779185271629
0.424613561493 0.336154189223 -0.840656698340 2.026369985326
0.000000000000 0.000000000000 0.000000000000 1.000000000000
21 21 0
-0.980528178916 0.001746636427 -0.196370668924 0.857369840307
0.034158186585 0.986234136490 -0.161788276188 -0.163321630026
0.193384871802 -0.165345629769 -0.967090023769 2.253770394505
0.000000000000 0.000000000000 0.000000000000 1.000000000000
22 22 0
-0.817852342134 -0.112722726253 0.564279304469 -1.849534796741
0.109998190469 0.931915583092 0.345591875027 -0.271738187691
-0.564816735374 0.344712826824 -0.749770046390 2.939810035709
0.000000000000 0.000000000000 0.000000000000 1.000000000000
23 23 0
-0.072499430599 -0.269882614238 0.960159990364 -3.802111165792
0.112941750709 0.954279489877 0.276757684892 -0.010116098886
-0.990953073314 0.128506924841 -0.038703704710 0.487369864839
0.000000000000 0.000000000000 0.000000000000 1.000000000000
24 24 0
0.157424182339 -0.511493888007 0.844743528739 -2.209388873287
0.124492288833 0.858864229384 0.496843944821 0.223050550823
-0.979652640907 0.026948803606 0.198883043893 0.128227821391
0.000000000000 0.000000000000 0.000000000000 1.000000000000
25 25 0
0.640693027830 -0.022450451455 0.767468840618 -2.135092936040
0.078921993623 0.996203406966 -0.036743582719 0.127829034606
-0.763730163745 0.084111528211 0.640032411530 -1.137575225465
0.000000000000 0.000000000000 0.000000000000 1.000000000000
26 26 0
0.945296783155 -0.008845091456 0.326091637603 0.156511212052
0.026328928656 0.998439796027 -0.049241864560 -0.079434341564
-0.325147319338 0.055133819627 0.944054809140 -1.805864794008
0.000000000000 0.000000000000 0.000000000000 1.000000000000
27 27 0
0.936722858072 -0.204054639313 0.284450331939 0.198324091340
0.035556502818 0.863804118738 0.502571566603 0.477560394249
-0.348261428058 -0.460656215225 0.816400532277 -2.031697838293
0.000000000000 0.000000000000 0.000000000000 1.000000000000
28 28 0
0.979693802819 0.033514193990 -0.197678657217 0.921895072247
-0.020527501315 0.997515958357 0.067383488430 0.143320250662
0.199445918504 -0.061957337132 0.977948165277 -1.857275498628
0.000000000000 0.000000000000 0.000000000000 1.000000000000
29 29 0
0.960165747889 0.036271498911 -0.277066986391 1.604391645100
-0.024084871101 0.998592081941 0.047262806405 -0.010086651666
0.278391191609 -0.038707005206 0.959687507568 -2.255498699752
0.000000000000 0.000000000000 0.000000000000 1.000000000000
30 30 0
0.491111229473 0.236607011796 -0.838347709637 3.127449746082
-0.102748455872 0.971420701943 0.213973303597 0.328532374748
0.865015904537 -0.018945759554 0.501386620378 -2.415307573028
0.000000000000 0.000000000000 0.000000000000 1.000000000000
31 31 0
-0.214077129102 0.001325568143 -0.976815860674 2.902488499395
-0.109094113270 0.993710491259 0.025257355592 -0.248749107247
0.970705649126 0.111971882322 -0.212586077446 0.832648417370
0.000000000000 0.000000000000 0.000000000000 1.000000000000
32 32 0
-0.925146015790 0.141883223959 -0.352099418101 2.395816991390
-0.012709717979 0.915428743574 0.402279353817 -0.468847860658
0.379398619578 0.376642225723 -0.845101959094 3.755074016584
0.000000000000 0.000000000000 0.000000000000 1.000000000000
33 33 0
-0.810051384352 -0.063431737760 0.582917806689 -1.492821586509
0.086387148095 0.970372695775 0.225641512000 -0.413969667075
-0.579960356709 0.233137826056 -0.780572058626 4.423299703731
0.000000000000 0.000000000000 0.000000000000 1.000000000000
34 34 0
-0.281967939908 -0.356331219450 0.890798598399 -5.236892757747
0.141445759799 0.902887749422 0.405939415405 0.048197918162
-0.948940028610 0.240461585268 -0.204183858598 2.554008560743
0.000000000000 0.000000000000 0.000000000000 1.000000000000
35 35 0
0.486231218671 -0.002657477301 0.873826149645 -2.701075339469
0.099461891667 0.993664772514 -0.052322576107 0.126074144201
-0.868151216146 0.112353271776 0.483415151009 -0.995290282554
0.000000000000 0.000000000000 0.000000000000 1.000000000000
36 36 0
0.819610420581 -0.146613385759 0.553844087801 -0.809414982637
0.058185345175 0.983004864021 0.174114625803 0.176327767192
-0.569958967016 -0.110480552262 0.814211780491 -1.705505018054
0.000000000000 0.000000000000 0.000000000000 1.000000000000
37 37 0
0.999544899909 0.003846693182 0.029919826508 0.203759894104
-0.003706253041 0.999981860286 -0.004747924552 0.210076400671
-0.029937547580 0.004634873323 0.999541025268 -2.419630249788
0.000000000000 0.000000000000 0.000000000000 1.000000000000
38 38 0
0.996447557747 0.005770415344 0.084017658655 0.193514415565
0.010091203833 0.982280384628 -0.187145434301 0.200895509019
-0.083608804944 0.187328450272 0.978732659849 -2.421967746984
0.000000000000 0.000000000000 0.000000000000 1.000000000000
